referrer,views_total,views_unique
github.com,11,2
gaschem.earthsci.dev,8,1
