url_path,views_total,views_unique
/EarthSciML/GasChem.jl,4,4
/EarthSciML/GasChem.jl/issues,2,1
/EarthSciML/GasChem.jl/blob/main/src/direct_flux.jl,1,1
/EarthSciML/GasChem.jl/blob/main/src/interpolations_FastJX.jl,1,1
/EarthSciML/GasChem.jl/issues/169,1,1
/EarthSciML/GasChem.jl/issues/new,1,1
/EarthSciML/GasChem.jl/releases,1,1
/EarthSciML/GasChem.jl/tree/main/src,1,1
